[gd_scene load_steps=8 format=3 uid="uid://xeofuubmskrr"]

[ext_resource type="Material" uid="uid://iclctana4bak" path="res://materials/prototype_material.tres" id="2_6xs8d"]
[ext_resource type="PackedScene" uid="uid://bt5x2q5scf4r2" path="res://blocks/csg_glass.tscn" id="2_iqphx"]
[ext_resource type="PackedScene" uid="uid://dyme27he17o1d" path="res://entities/enemy_3.tscn" id="3_4gl70"]
[ext_resource type="PackedScene" uid="uid://dxct3lor34ndd" path="res://assets/tree.tscn" id="4_ve1e7"]

[sub_resource type="ProceduralSkyMaterial" id="ProceduralSkyMaterial_rex7s"]

[sub_resource type="Sky" id="Sky_ly88s"]
sky_material = SubResource("ProceduralSkyMaterial_rex7s")

[sub_resource type="Environment" id="Environment_uablm"]
background_mode = 2
sky = SubResource("Sky_ly88s")
glow_enabled = true
glow_levels/6 = 0.13
glow_levels/7 = 0.25
glow_intensity = 0.1
glow_blend_mode = 0
glow_hdr_threshold = 0.05
glow_hdr_scale = 1.4

[node name="Map" type="Node3D"]

[node name="Building" type="Node3D" parent="."]
transform = Transform3D(-4.37114e-08, 0, 1, 0, 1, 0, -1, 0, -4.37114e-08, 0, 0, 0)

[node name="Ground" type="CSGBox3D" parent="Building"]
transform = Transform3D(1, 0, 0, 0, 1, 0, 0, 0, 1, 7.875, -1, 0)
use_collision = true
collision_layer = 8
collision_mask = 0
size = Vector3(34.25, 2, 8)
material = ExtResource("2_6xs8d")

[node name="Ground2" type="CSGBox3D" parent="Building"]
transform = Transform3D(1, 0, 0, 0, 1, 0, 0, 0, 1, 7.875, 5, 0)
use_collision = true
collision_layer = 8
collision_mask = 0
size = Vector3(34.25, 2, 8)
material = ExtResource("2_6xs8d")

[node name="Wall" type="CSGBox3D" parent="Building"]
transform = Transform3D(1, 0, 0, 0, 1, 0, 0, 0, 1, 7.875, 2, 3.5)
use_collision = true
collision_layer = 8
collision_mask = 0
size = Vector3(34.25, 4, 1)
material = ExtResource("2_6xs8d")

[node name="Wall2" type="CSGBox3D" parent="Building"]
transform = Transform3D(1, 0, 0, 0, 1, 0, 0, 0, 1, 7.875, 2, -3.5)
use_collision = true
collision_layer = 8
collision_mask = 0
size = Vector3(34.25, 4, 1)
material = ExtResource("2_6xs8d")

[node name="CSGBox3D2" type="CSGBox3D" parent="Building"]
transform = Transform3D(-4.37114e-08, 0, -1, 0, 1, 0, 1, 0, -4.37114e-08, -2.5, 0.5, -2)
use_collision = true
collision_layer = 8
collision_mask = 0
size = Vector3(2, 1, 0.5)
material = ExtResource("2_6xs8d")

[node name="CSGBox3D4" type="CSGBox3D" parent="Building"]
transform = Transform3D(-4.37114e-08, 0, -1, 0, 1, 0, 1, 0, -4.37114e-08, 4.66801, 0.75, 2.09366)
use_collision = true
collision_layer = 8
collision_mask = 0
size = Vector3(1.5, 1.5, 1.5)
material = ExtResource("2_6xs8d")

[node name="CSGBox3D6" type="CSGBox3D" parent="Building"]
transform = Transform3D(-0.258819, 0, -0.965926, 0, 1, 0, 0.965926, 0, -0.258819, 4.54301, 1.875, 2.21866)
use_collision = true
collision_layer = 8
collision_mask = 0
size = Vector3(0.75, 0.75, 0.75)
material = ExtResource("2_6xs8d")

[node name="CSGBox3D5" type="CSGBox3D" parent="Building"]
transform = Transform3D(-4.37114e-08, 0, -1, 0, 1, 0, 1, 0, -4.37114e-08, 8, 2, -1.75)
use_collision = true
collision_layer = 8
collision_mask = 0
size = Vector3(2.5, 4, 0.5)
material = ExtResource("2_6xs8d")

[node name="CSGBox3D" type="CSGBox3D" parent="Building/CSGBox3D5"]
transform = Transform3D(1, 0, 0, 0, 1, 0, 0, 0, 1, 0, -0.875, 0)
operation = 2
size = Vector3(1.25, 2.25, 1)
material = ExtResource("2_6xs8d")

[node name="CSGBox3D7" type="CSGBox3D" parent="Building"]
transform = Transform3D(-4.37114e-08, 0, -1, 0, 1, 0, 1, 0, -4.37114e-08, 8, 0.125, 1.25)
use_collision = true
collision_layer = 8
collision_mask = 0
size = Vector3(3.5, 0.25, 0.5)
material = ExtResource("2_6xs8d")

[node name="CSGBox3D8" type="CSGBox3D" parent="Building"]
transform = Transform3D(-4.37114e-08, 0, -1, 0, 1, 0, 1, 0, -4.37114e-08, 8, 3.875, 1.25)
use_collision = true
collision_layer = 8
collision_mask = 0
size = Vector3(3.5, 0.25, 0.5)
material = ExtResource("2_6xs8d")

[node name="CSGBox3D3" type="CSGBox3D" parent="Building"]
transform = Transform3D(1, 0, 0, 0, 1, 0, 0, 0, 1, -5.25, 0.875, 1.125)
use_collision = true
collision_layer = 8
collision_mask = 0
size = Vector3(0.5, 1.75, 3.75)
material = ExtResource("2_6xs8d")

[node name="CSGGlass" parent="Building" instance=ExtResource("2_iqphx")]
transform = Transform3D(-4.37114e-08, 0, -1, 0, 1, 0, 1, 0, -4.37114e-08, 8, 2, 1.25)
size = Vector3(3.5, 3.5, 0.02)

[node name="Environment" type="Node3D" parent="."]

[node name="WorldEnvironment" type="WorldEnvironment" parent="Environment"]
environment = SubResource("Environment_uablm")

[node name="DirectionalLight3D" type="DirectionalLight3D" parent="Environment"]
transform = Transform3D(0.29344, -0.719709, 0.629215, 0, 0.65819, 0.752852, -0.955978, -0.220917, 0.193139, 0, 0, 0)
shadow_enabled = true

[node name="OmniLight3D" type="OmniLight3D" parent="Environment"]
transform = Transform3D(1, 0, 0, 0, 1, 0, 0, 0, 1, 0, 3.85272, 0)

[node name="OmniLight3D2" type="OmniLight3D" parent="Environment"]
transform = Transform3D(1, 0, 0, 0, 1, 0, 0, 0, 1, 0, 3.85272, -6)

[node name="OmniLight3D3" type="OmniLight3D" parent="Environment"]
transform = Transform3D(1, 0, 0, 0, 1, 0, 0, 0, 1, 0, 3.85272, -18)

[node name="Enemies" type="Node3D" parent="."]

[node name="Enemy1" parent="Enemies" instance=ExtResource("3_4gl70")]
transform = Transform3D(-1, 0, -8.74228e-08, 0, 1, 0, 8.74228e-08, 0, -1, -1.75, 0, -9.25)

[node name="Enemy2" parent="Enemies" instance=ExtResource("3_4gl70")]
transform = Transform3D(-0.965926, 0, -0.258819, 0, 1, 0, 0.258819, 0, -0.965926, -1, 0, -7.25)

[node name="Enemy4" parent="Enemies" instance=ExtResource("3_4gl70")]
transform = Transform3D(-1, 0, -8.74228e-08, 0, 1, 0, 8.74228e-08, 0, -1, -2.5, 0, -7.25)

[node name="Enemy6" parent="Enemies" instance=ExtResource("3_4gl70")]
transform = Transform3D(-0.707107, 0, 0.707107, 0, 1, 0, -0.707107, 0, -0.707107, 2.25, 0, -1.5)

[node name="Enemy8" parent="Enemies" instance=ExtResource("3_4gl70")]
transform = Transform3D(-0.965926, 0, 0.258819, 0, 1, 0, -0.258819, 0, -0.965926, 0.5, 0, -16.75)

[node name="Enemy9" parent="Enemies" instance=ExtResource("3_4gl70")]
transform = Transform3D(-0.707107, 0, 0.707107, 0, 1, 0, -0.707107, 0, -0.707107, 1.5, 0, -11.75)

[node name="Enemy10" parent="Enemies" instance=ExtResource("3_4gl70")]
transform = Transform3D(-4.37114e-08, 0, 1, 0, 1, 0, -1, 0, -4.37114e-08, 2.5, 0, -19.25)

[node name="Enemy12" parent="Enemies" instance=ExtResource("3_4gl70")]
transform = Transform3D(-0.965926, 0, 0.258819, 0, 1, 0, -0.258819, 0, -0.965926, -0.75, 0, -20.25)

[node name="Enemy13" parent="Enemies" instance=ExtResource("3_4gl70")]
transform = Transform3D(0.965926, 0, 0.258819, 0, 1, 0, -0.258819, 0, 0.965926, 0.5, 0, -9)

[node name="Enemy14" parent="Enemies" instance=ExtResource("3_4gl70")]
transform = Transform3D(-0.866026, 0, 0.5, 0, 1, 0, -0.5, 0, -0.866026, 2.25, 0, -14.5)

[node name="Tree" parent="." instance=ExtResource("4_ve1e7")]
transform = Transform3D(1, 0, 0, 0, 1, 0, 0, 0, 1, -3, -2.66447, 13.1044)
